3,2
3,1
3,3
10,233
10,164
10,195
10,174
10,9
10,177
10,237
11,11
9,5
9,2
9,3
8,14
8,12
8,17
8,10
8,7
8,2
8,3
53,5
53,4
53,3
53,2
53,1
53,0
51,5
51,4
51,3
51,2
51,1
51,0
49,6
49,5
49,4
49,3
49,2
49,1
49,0
46,3
46,2
46,1
46,0
45,3
45,2
45,1
45,0
44,3
44,2
44,1
44,0
43,3
43,2
43,1
43,0
42,4
42,3
42,2
42,1
42,0
41,6
41,5
41,4
41,3
41,2
41,1
41,0
40,4
40,3
40,2
40,1
40,0
39,7
39,6
39,1
38,7
38,1
20,3
20,2
0,270
20,1
19,3
19,2
19,1
18,3
18,1
12,3
12,2
12,1
11,27
11,26
11,25
11,24
11,23
11,22
11,21
11,19
11,18
11,17
11,15
13,1
13,3
11,14
11,13
2,2
11,12
2,1
11,10
2,3
11,8
11,6
11,5
